	shannon	chao1	observed_otus	PD_whole_tree	simpson	simpson_e
1	6.96559730986	199.428571429	198.0	22.5118967855	0.98872780536	0.448049844054
10	5.11187531366	102.272727273	102.0	10.7208234485	0.937322226617	0.156417834258
101	6.89717331174	242.428571429	241.0	26.2556137715	0.983725595507	0.254963405588
102	6.720661962	140.0	140.0	13.9103334405	0.98841395424	0.616505172781
104	4.23293194659	86.0	83.0	13.3966004545	0.907148807263	0.129758082971
105	7.28762169431	245.4375	242.0	21.0264790865	0.991535242967	0.488168932552
106	7.24995800853	269.777777778	269.0	25.2618852355	0.990159193768	0.377760930491
107	7.55719991316	269.0	268.0	27.4624963795	0.992908494608	0.526170830768
108	6.95700714219	188.0	188.0	19.6469181295	0.988980285035	0.482693876679
109	7.36743214185	250.5	250.0	24.9525651395	0.991736754619	0.484071308037
11	6.55581373387	145.5	144.0	15.1221904425	0.986241125346	0.504724740872
110	6.85202890977	157.0	157.0	18.8137943585	0.988891462546	0.573381219431
112	7.04009406176	275.176470588	264.0	22.6840539825	0.987472226034	0.302358487474
113	7.03548119772	213.666666667	209.0	22.8736853975	0.989572405825	0.458848792431
115	7.25651977476	283.571428571	278.0	25.7122339655	0.989638760421	0.347171038245
117	6.85608195598	177.428571429	176.0	16.8978623245	0.988584343052	0.497721524705
119	6.61540727738	236.714285714	232.0	23.4093487425	0.979002529561	0.205279242573
122	7.49768561877	309.565217391	305.0	30.2275273385	0.992016423069	0.410679142035
123	7.34652012667	281.791666667	278.0	28.4243359155	0.991214922493	0.40945823179
124	6.82622265048	175.0	175.0	20.2674741625	0.988023170256	0.477111709546
125	6.087842337	112.0	112.0	12.5742245765	0.976606595358	0.381670456496
127	7.30282524222	264.0	251.0	21.0351850635	0.990694489146	0.428140250168
128	5.92269214503	121.0	121.0	13.9997697885	0.973586455864	0.312887311427
129	6.17418406755	115.0	115.0	18.5250187705	0.980884150077	0.454892260031
13	4.67763039539	46.0	46.0	6.4781369915	0.951096269285	0.444529080234
130	6.63990649432	183.1	181.0	20.2538563225	0.985053474242	0.36964187986
131	8.01479199817	383.391304348	380.0	32.8872287145	0.994672180538	0.493931704389
132	7.57280953479	318.043478261	305.0	26.6571676715	0.993000027232	0.468385897129
133	7.16952223132	251.5	245.0	25.9177572195	0.990477153802	0.428614782628
134	7.50889389928	296.894736842	295.0	29.0295003055	0.992249232409	0.437354167652
135	7.17930803163	236.615384615	235.0	23.4489211945	0.990466750381	0.446366068116
136	7.13714371472	226.1	224.0	21.7333698795	0.990596836862	0.474764252045
137	6.61886246352	167.1	165.0	17.1614253835	0.986162006888	0.437968570416
138	6.89091937315	202.875	201.0	17.0136074265	0.987602662209	0.401305865995
14	4.79776800389	59.75	59.0	6.7985593365	0.949886237711	0.338213531939
141	4.68626234603	65.0	65.0	9.2213546015	0.943370373739	0.27167079143
142	5.3533434596	62.0	62.0	6.6844863175	0.971300238418	0.561991855289
143	6.77320942042	150.0	150.0	15.0317378725	0.988469905415	0.578197049253
144	4.88526994813	56.0	56.0	8.5748159825	0.956551159109	0.410992387625
145	5.47610238334	130.833333333	130.0	15.3704507905	0.966144337682	0.227208896996
146	5.8042034091	93.0	93.0	13.9603041055	0.976282253393	0.453360445677
147	5.95527486267	114.0	114.0	18.3085286075	0.978442231002	0.406903414984
148	6.83525176393	184.0	183.0	21.3699421335	0.98819032439	0.4627121908
149	6.58253637281	187.0	186.0	18.1316193815	0.984884746482	0.355689971025
15	4.97553898597	42.0	42.0	4.7523784575	0.962664786591	0.637722986835
150	6.37507909849	178.111111111	177.0	32.7979393605	0.979137336923	0.27080519362
152	5.88837447883	98.5	97.0	8.7785046955	0.977288500298	0.453923276134
153	5.37187925299	72.75	72.0	3.9324196995	0.969702482689	0.458416732512
154	5.20428675524	94.75	94.0	11.1488225235	0.962487229035	0.283591363653
155	4.11266428276	23.0	23.0	4.1590196885	0.936603953414	0.685819750771
157	7.04986557657	218.615384615	217.0	20.4603062485	0.989542419492	0.440665498819
158	5.17689282812	86.4285714286	86.0	4.4135886005	0.955208593191	0.259601289738
16	7.68221663233	314.142857143	312.0	31.5716746105	0.992843538791	0.447864958894
160	4.77257303833	67.0	67.0	18.974520922	0.941158728718	0.253654837991
161	7.07299933309	247.136363636	247.0	21.2795168795	0.988337633341	0.347149349224
162	3.82340773106	49.25	49.0	4.2993242995	0.886649608261	0.180044929287
18	5.00036589068	77.0	77.0	12.2297043175	0.953768025294	0.28090976147
21	7.28578924055	248.8	246.0	22.5646142835	0.990994964438	0.451418611556
27	7.62936285601	320.913043478	315.0	26.1333766035	0.99292361891	0.448619588757
28	7.66031366868	349.487179487	343.0	30.4893614415	0.992564919427	0.392121089511
29	7.17532429181	242.545454545	240.0	22.8770304685	0.990148790347	0.422959901701
30	7.6173947303	313.789473684	309.0	25.3052230775	0.992861722923	0.453365135554
31	5.90115443853	146.461538462	146.0	13.0229471315	0.972614741325	0.250109562584
32	5.65815413608	105.125	105.0	13.2058395715	0.970315497745	0.320834401807
33	7.29704914227	279.4375	276.0	23.9257690725	0.990396898836	0.377293578814
34	6.83381070192	225.769230769	223.0	25.6951476105	0.986255375411	0.326258815118
35	2.83859383492	26.0	26.0	6.9375637045	0.818029689005	0.211361613063
36	5.64086600057	119.0	119.0	14.9655841155	0.965366616356	0.242637607427
37	5.69235159417	103.0	103.0	12.2240251555	0.968633902679	0.309529673541
38	6.72810139986	159.75	159.0	14.3911527675	0.987822795112	0.516482085488
39	7.1316009249	265.076923077	257.0	38.162969392	0.989382696374	0.366481992095
42	7.13453981666	194.2	193.0	35.059772333	0.99088708358	0.5685717844
45	7.24885325118	237.5	233.0	28.6280096955	0.990707864974	0.461879372324
46	5.55393209942	128.5	125.0	13.7571063955	0.964804569323	0.227302233444
5	5.34695902557	76.0	76.0	7.8318914535	0.965059059743	0.376575290765
51	7.33000689857	272.0	270.0	26.3574674895	0.99029732323	0.381719786363
52	7.25345644755	276.8	275.0	27.6631702435	0.98971744176	0.353643864839
53	6.91570182445	207.25	207.0	24.0800091925	0.986270324865	0.351859590774
54	6.37428692909	129.0	129.0	17.2188184705	0.98371624117	0.476053352644
55	5.6267527221	110.0	110.0	17.6972397455	0.95955731081	0.224784980252
56	7.49126887978	314.0	307.0	32.1845046635	0.991480515725	0.382338752555
57	7.2239216033	280.571428571	275.0	22.2611726535	0.989824535805	0.357365872137
58	7.64890562926	308.272727273	305.0	28.7684097095	0.992613527009	0.443877413321
59	6.70012228115	188.615384615	187.0	26.4815872775	0.984814894937	0.352160459919
6	7.17524700918	277.5	273.0	29.1573175305	0.987812916232	0.300564411707
60	7.91969849241	372.866666667	371.0	38.2348651165	0.993294120594	0.401948443518
61	7.13739388118	255.0	248.0	24.0044036145	0.989149887033	0.371632818652
62	6.32918310213	174.0	174.0	24.5987784155	0.980019267312	0.287633417972
63	7.33576219836	250.6	250.0	22.1232066685	0.991119106107	0.450405111016
64	7.9701152351	349.071428571	348.0	33.3567867565	0.994765549061	0.548971277374
66	4.3544714577	47.0	47.0	6.8296234595	0.922800011837	0.275603614081
67	4.86207585986	88.2	84.0	11.8281501635	0.952025408477	0.248147228084
7	7.86791110754	348.714285714	348.0	29.9421005915	0.993575187822	0.447260268295
70	4.67228024037	95.875	89.0	6.4955120895	0.940662162043	0.189355653039
71	7.73066975517	331.555555556	324.0	29.0530678295	0.993493009535	0.4743236938
72	7.25121628313	249.9375	249.0	23.1064323635	0.990583898152	0.426510282285
73	6.85256525639	185.111111111	185.0	19.0191938455	0.988019585884	0.451186858221
74	7.5295843489	307.666666667	304.0	28.7319858465	0.991841925343	0.403216913605
75	6.64208386912	172.5	171.0	20.5095879845	0.985039573872	0.39089482923
77	7.98338125045	417.428571429	412.0	38.1385574295	0.994050073416	0.407935195813
78	6.60526667697	183.0	180.0	20.2900267815	0.983008808507	0.326966802644
79	7.01945242872	245.230769231	241.0	26.349028903	0.988218474824	0.352193585422
8	6.97882943908	189.666666667	185.0	18.7136022615	0.989439521785	0.511852332396
82	4.70897534229	80.75	80.0	5.4866836235	0.941674616032	0.214314920015
83	5.14881447165	68.0	68.0	5.6790097215	0.960390371345	0.371270391878
84	7.13607180206	268.1	259.0	22.9351197615	0.989271493414	0.359882694775
85	7.70376113231	321.25	319.0	28.6434406705	0.993108694904	0.454891518329
86	7.06691336963	237.75	236.0	20.8957001165	0.988408971089	0.365566177783
87	8.36023403101	467.0	462.0	38.7260347745	0.995695649914	0.502863875232
88	6.86509194785	195.545454545	195.0	22.7896205055	0.988313941516	0.438831034021
89	7.70723468414	350.529411765	347.0	33.2817388805	0.992865482142	0.403929801275
9	4.34731018777	74.2	74.0	7.0251098145	0.915049899924	0.159075898691
90	7.24989300059	293.0	287.0	35.135778976	0.988675088863	0.30766868855
92	7.51550401935	305.5	303.0	29.6667307135	0.991984863109	0.411762154275
99	5.81339775952	156.6	156.0	22.0414183045	0.968400743644	0.202860989447
